R2
-1.3 -1.3 0 
-1.2403 -1.26995 -0.0123509 
-1.1806 -1.2399 -0.0247018 
-1.1209 -1.20986 -0.0370527 
-1.0612 -1.17981 -0.0494035 
-1.00149 -1.14976 -0.0617544 
-0.941793 -1.11971 -0.0741053 
-0.882092 -1.08967 -0.0864562 
-0.822391 -1.05962 -0.0988071 
-0.76269 -1.02957 -0.111158 
-0.715509 -0.974075 -0.107479 
-0.668327 -0.918579 -0.1038 
-0.621145 -0.863083 -0.10012 
-0.573964 -0.807587 -0.0964411 
-0.526782 -0.752091 -0.0927618 
-0.479601 -0.696595 -0.0890826 
-0.432419 -0.641099 -0.0854034 
-0.385237 -0.585603 -0.0817242 
-0.338056 -0.530107 -0.0780449 
-0.290874 -0.47461 -0.0743657 
-0.243692 -0.419114 -0.0706865 
-0.196511 -0.363618 -0.0670073 
-0.149329 -0.308122 -0.0633281 
-0.102148 -0.252626 -0.0596488 
-0.054966 -0.19713 -0.0559696 
-0.00778437 -0.141634 -0.0522904 
0.0393972 -0.0861382 -0.0486112 
0.0865789 -0.0306422 -0.0449319 
0.13376 0.0248539 -0.0412527 
0.180942 0.0803499 -0.0375735 
0.228124 0.135846 -0.0338943 
0.275305 0.191342 -0.0302151 
0.322487 0.246838 -0.0265358 
0.369669 0.302334 -0.0228566 
0.41685 0.35783 -0.0191774 
0.464032 0.413326 -0.0154982 
0.511213 0.468822 -0.0118189 
0.558395 0.524318 -0.00813971 
0.605577 0.579814 -0.00446049 
0.652758 0.63531 -0.000781269 
0.69994 0.690806 0.00289795 
0.747121 0.746302 0.00657718 
0.794303 0.801798 0.0102564 
0.841485 0.857294 0.0139356 
0.888666 0.91279 0.0176148 
0.935848 0.968286 0.0212941 
0.98303 1.02378 0.0249733 
1.03021 1.07928 0.0286525 
1.07739 1.13477 0.0323317 
1.2 1.2 0 

